9620021,
9629165,
9629496,
9629496,
9629165,
9622469,
9620021,
9631121,
9631124,
9631121,
9631139,
9631124,
9631145,
9631148,
9631145,
9631148,
9631148,
9622469,
9631170,
9631175,
9631187,
9631187,
9631187,
9631175,
9631630,
9631745,
9631745,
9636827,
9636827,
9640950,
9115029,
9649278,
9649278,
9649278,
9651420,
9658775,
9659532,
9659532,
9660339,
9663836,
9666205,
9627660,
8621422,
9684261,
9283825,
9679207,
9697686,
9273058,
8964595,
9486275,
8548895,
8692393,
9699651,
7157166,
6083171,
9706626,
9087731,
8617999,
9472573,
9699263,
9330694,
8436333,
9772863,
9699028,
9699028,
5348786,
8833784,
9793104,
8064487,
9684261,
9275407,
9795110,
8482093,
9755262,
8428688,
6254533,
8426968,
6254637,
9764561,
9503199,
9699028,
9087978,
9619409,
9349057,
6992899,
9666290